ncols         44
nrows         52
xllcorner     190200
yllcorner     314300
cellsize      25
NODATA_value  -9999
-9999 -9999 85.74 85.03 84.87 85.1 85.32 84.62 84.58 84.6 84.69 84.72 84.67 84.65 85.78 85.14999 84.94 84.92 84.91 84.99 84.98 85.44 86.67 87.85 -9999 -9999 -9999 -9999 -9999 -9999 -9999 -9999 -9999 -9999 -9999 -9999 -9999 -9999 -9999 -9999 -9999 -9999 -9999 -9999
-9999 -9999 -9999 84.98 84.9 84.67 85.15 84.71 84.68 84.72 84.78 84.77 84.79 84.77 85.73 84.89 85.04 85.08 85.06 85.03 85.22 85.73 86.56 87.72 -9999 -9999 -9999 -9999 -9999 -9999 -9999 -9999 -9999 -9999 -9999 -9999 -9999 -9999 -9999 -9999 -9999 -9999 -9999 -9999
-9999 -9999 -9999 85.07 84.93 84.6 84.56 84.68 84.78 84.8 84.84 84.88 84.86 84.83 85.89 84.96 85.12 85.15 85.23 85.25 85.32 85.73 86.2 87.03 -9999 -9999 -9999 -9999 -9999 -9999 -9999 -9999 -9999 -9999 -9999 -9999 -9999 -9999 -9999 -9999 -9999 -9999 -9999 -9999
-9999 -9999 85.7 85.79 84.79 84.73 84.8 84.77 84.82 84.87 84.9 84.95 84.94 85.05 86.1 84.865 84.89 85.05 85.34 85.25 85.31 85.53 85.96 86.55 87.36 -9999 -9999 -9999 -9999 -9999 -9999 -9999 -9999 -9999 -9999 -9999 -9999 -9999 -9999 -9999 -9999 -9999 -9999 -9999
-9999 -9999 86.22 85.75 85.03 84.86 84.9 84.8 84.96 85 85 85.19 85.19 85.16 86.02 84.965 85.02 85.14 85.165 85.34 85.37 85.68 85.94 86.3 86.79 87.92 -9999 -9999 -9999 -9999 -9999 -9999 -9999 -9999 -9999 -9999 -9999 -9999 -9999 -9999 -9999 -9999 -9999 -9999
-9999 -9999 -9999 85.93 85.47 85.22 84.99 85.02 85.04 85.11 85.26 85.33 85.29 85.28 85.67 84.96 85 85.1 85.2 84.72 85.35 85.51 85.75 86.02 86.38 87.16 87.82 88.69 -9999 -9999 -9999 -9999 -9999 -9999 -9999 -9999 -9999 -9999 -9999 -9999 -9999 -9999 -9999 -9999
-9999 -9999 -9999 -9999 -9999 85.34 85.06 85.09 85.14 85.15 85.34 85.37 85.32 85.47 86.08 85.83 85.28 85.28 85.42 85.375 85.25 85.05 85.49 85.77 86.17 86.67 87.72 88.11 88.98 89.6 -9999 -9999 -9999 -9999 -9999 -9999 -9999 -9999 -9999 -9999 -9999 -9999 -9999 -9999
-9999 -9999 -9999 -9999 -9999 85.35 85.25 85.17 85.18 85.32 85.46 85.38 85.44 85.82 86.39 85.99 85.74 85.49 85.61 85.57 85.47 85.27 85.49 85.8 86.06 86.44 86.89 87.31 87.95 89 -9999 -9999 -9999 -9999 -9999 -9999 -9999 -9999 -9999 -9999 -9999 -9999 -9999 -9999
-9999 -9999 -9999 -9999 -9999 -9999 85.19 85.22 85.27 85.3 85.42 85.47 85.57 86.56 86.37 85.855 85.71 85.63 85.54 85.57 85.62 85.31 85.51 85.71 85.95 86.25 86.83 87.295 87.28 87.535 -9999 -9999 -9999 -9999 -9999 -9999 -9999 -9999 -9999 -9999 -9999 -9999 -9999 -9999
-9999 -9999 -9999 -9999 -9999 -9999 85.27 85.23 85.28 85.34 85.43 85.42 85.62 86.53 85.73 85.96 86.02 85.96 85.69 85.58 85.53 85.49 85.48 85.75 86.2 86.84 87.25 87.25 87.41 87.53 -9999 -9999 -9999 -9999 -9999 -9999 -9999 -9999 -9999 -9999 -9999 -9999 -9999 -9999
-9999 -9999 -9999 -9999 -9999 -9999 85.25 85.31 85.3 85.39 85.46 85.57 85.58 86.49 85.81 85.94 86.06 86.08 85.84 85.8 85.7 85.59 85.65 85.66 85.57 87.265 87.26 88.02 87.52 87.735 -9999 -9999 -9999 -9999 -9999 -9999 -9999 -9999 -9999 -9999 -9999 -9999 -9999 -9999
-9999 -9999 -9999 -9999 -9999 -9999 85.37 85.46 85.54 85.48 85.52 85.6 85.67 86.68 85.84 85.99 85.74 86.06 85.87 85.88 85.76 85.75 85.85 85.88 85.3 86.32 87.13499 87.36 87.38 -9999 -9999 -9999 -9999 -9999 -9999 -9999 -9999 -9999 -9999 -9999 -9999 -9999 -9999 -9999
-9999 -9999 -9999 -9999 -9999 -9999 85.46 85.56 85.55 85.7 85.79 85.78 85.85 86.09 85.93 86.07 85.76 86.1 85.97 85.93 85.8 85.85 85.94 86.1 85.955 85.02 87.5 87.43 87.61 -9999 -9999 -9999 -9999 -9999 -9999 -9999 -9999 -9999 -9999 -9999 -9999 -9999 -9999 -9999
-9999 -9999 -9999 -9999 -9999 85.57 85.59 85.68 85.75 85.9 85.82 85.95 86.7 85.98 86.05 86.2 86.26 86.1 86.07 85.98 85.92 86.03 86.1 86.17 86.37 85.05 86.12 87.55 87.75 -9999 -9999 -9999 -9999 -9999 -9999 -9999 -9999 -9999 -9999 -9999 -9999 -9999 -9999 -9999
-9999 -9999 -9999 -9999 -9999 85.74 85.75 85.79 85.9 85.88 85.94 86.1 86.97 86.13 86.26 86.35 85.89 86.2 86.1 86.15 86.17 86.2 86.3 86.28 86.25 87.07 87.16 87.61 87.95 87.79 -9999 -9999 -9999 -9999 -9999 -9999 -9999 -9999 -9999 -9999 -9999 -9999 -9999 -9999
-9999 -9999 -9999 -9999 -9999 -9999 -9999 85.95 85.91 85.97 86.1 86.44 87.08 86.26 86.37 85.9 86.39 86.3 86.05 86.09 86.24 86.32 86.43 86.5 86.35 86.44 87.41 87.57 87.83 87.52 -9999 -9999 -9999 -9999 -9999 -9999 -9999 -9999 -9999 -9999 -9999 -9999 -9999 -9999
-9999 -9999 -9999 -9999 -9999 -9999 -9999 -9999 -9999 86.14 86.63 87.06 87.22 86.38 86.4 86.41 85.99 86.55 86.38 86.36 86.27 86.42 86.54 86.68 86.63 86.53 86.64 86.94 87.05 87.51 88.07 88.74 90.06 -9999 -9999 -9999 -9999 -9999 -9999 -9999 -9999 -9999 -9999 -9999
-9999 -9999 -9999 -9999 -9999 -9999 -9999 -9999 -9999 -9999 86.86 87.06 87.42 86.49 86.49 86.56 85.59 86.64 86.71 86.67 86.4 86.47 86.73 86.83 86.8 86.76 86.73 87.01 87.21 87.51 87.96 88.74 89.32 -9999 -9999 -9999 -9999 -9999 -9999 -9999 -9999 -9999 -9999 -9999
-9999 -9999 -9999 -9999 -9999 -9999 -9999 -9999 -9999 -9999 86.47 87.09 87.63 86.53 86.6 86.66 86.71 85.60001 86.26 86.43 86.57 86.3 86.8 86.57 86.82 86.83 86.85 87.04 87.23 87.5 88.15 88.91 89.59 -9999 -9999 -9999 -9999 -9999 -9999 -9999 -9999 -9999 -9999 -9999
-9999 -9999 -9999 -9999 -9999 -9999 -9999 -9999 -9999 -9999 86.76 87.48 87.24 86.54 86.73 86.91 86.25 85.51 86.91 85.99 86.72 86.54 86.47 86.59 86.71 86.87 87.03 87.07 87.23 87.61 88.27 88.99 -9999 -9999 -9999 -9999 -9999 -9999 -9999 -9999 -9999 -9999 -9999 -9999
-9999 -9999 -9999 -9999 -9999 -9999 -9999 -9999 -9999 -9999 -9999 87.48 86.99 86.72 86.84 87.2 87.27 87.1 87.05 85.65 86.85 86.87 86.79 86.66 86.74 86.97 87.07 87.04 87.18 87.63 88.12 88.58 -9999 -9999 -9999 -9999 -9999 -9999 -9999 -9999 -9999 -9999 -9999 -9999
-9999 -9999 -9999 -9999 -9999 -9999 -9999 -9999 -9999 -9999 -9999 87.5 86.83 86.82 86.9 87.3 86.49 86.58 86.03 87.05 87 87.03 86.99 86.89 86.87 87.02 87.04 87.11 87.23 87.57 87.92 88.42 -9999 -9999 -9999 -9999 -9999 93.26 -9999 -9999 -9999 -9999 -9999 -9999
-9999 -9999 -9999 -9999 -9999 -9999 -9999 -9999 -9999 -9999 -9999 -9999 86.92 86.9 86.99 87.28 86.34 87.17 86.29 87.32 87.48 87.34 87.15 87.06 87.06 87.23 87.21 87.27 87.42 87.63 87.9 88.29 88.66 89.02 89.47 89.9 90.43 91.42 92.46 -9999 -9999 -9999 -9999 -9999
-9999 -9999 -9999 -9999 -9999 -9999 -9999 -9999 -9999 -9999 -9999 -9999 87.02 87.06 87.1 87.25 87.43 87.35 87.39 87.48 87.57 87.53 87.45 87.27 87.24 87.48 87.45 87.43 87.56 87.62 87.77 87.96 88.24 88.58 88.9 89.05 89.07 89.3 90.15 91.92 -9999 -9999 -9999 -9999
-9999 -9999 -9999 -9999 -9999 -9999 -9999 -9999 -9999 -9999 -9999 -9999 87.12 87.18 87.17 87.25 87.3 87.32 87.23 87.42 87.62 87.73 87.7 87.66 87.58 87.69 87.58 87.53 87.56 87.65 87.78 87.94 88.1 88.33 88.51 88.65 88.83 89.06 89.76 90.66 -9999 -9999 -9999 -9999
-9999 -9999 -9999 -9999 -9999 -9999 -9999 -9999 -9999 -9999 -9999 -9999 87.33 87.35 87.28 87.29 87.37 87.48 87.48 87.49 87.65 87.68 87.75 87.17 87.77 87.69 87.55 87.55 87.51 87.69 87.78 87.88 88.08 88.27 88.39 88.55 88.68 88.94 89.43 90.18 -9999 -9999 -9999 -9999
-9999 -9999 -9999 -9999 -9999 -9999 -9999 -9999 -9999 -9999 -9999 -9999 87.67 87.58 87.58 87.44 87.43 87.55 87.57 87.4 87.69 87.63 87.81 86.19 87.81 87.65 87.56 87.54 87.59 87.74 87.77 87.87 88.02 88.19 88.28 88.45 88.59 88.78 88.97 89.8 -9999 -9999 -9999 -9999
-9999 -9999 -9999 -9999 -9999 -9999 -9999 -9999 -9999 -9999 -9999 -9999 88.11 87.85 87.71 87.55 87.51 87.53 87.55 87.63 87.62 87.71 87.16 87.72 87.79 87.73 87.65 87.64 87.61 87.64 87.66 87.78 87.9 88.11 88.24 88.44 88.62 88.84 88.94 -9999 -9999 -9999 -9999 -9999
-9999 -9999 -9999 -9999 -9999 -9999 -9999 -9999 -9999 -9999 -9999 -9999 -9999 -9999 87.93 87.83 87.73 87.61 87.63 87.89 87.76 88.01 87.37 87.91 87.82 87.87 87.72 87.69 87.7 87.67 87.78 87.91 88 88.22 88.34 88.54 88.83 89.09 89.24 -9999 -9999 -9999 -9999 -9999
-9999 -9999 -9999 -9999 -9999 -9999 -9999 -9999 -9999 -9999 -9999 -9999 -9999 -9999 -9999 -9999 -9999 -9999 -9999 88 87.85 88.04 87.22 88.02 87.97 87.82 87.83 87.8 87.79 87.82 87.97 88.11 88.2 88.3 88.45 88.67 88.84 89.2 89.41 -9999 -9999 -9999 -9999 -9999
-9999 -9999 -9999 -9999 -9999 -9999 -9999 -9999 -9999 -9999 -9999 -9999 -9999 -9999 -9999 -9999 -9999 -9999 -9999 88.24 87.95 87.98 88.17 86.83 88.1 87.85 87.96 87.99 87.93 87.98 88.13 88.24 88.38 88.46 88.6 88.89 89.08 89.36 89.31 -9999 -9999 -9999 -9999 -9999
-9999 -9999 -9999 -9999 -9999 -9999 -9999 -9999 -9999 -9999 -9999 -9999 -9999 -9999 -9999 -9999 -9999 -9999 -9999 88.43 87.92 88 88.12 88.16 87.94 87.77 88.07 88.18 88.06 88.11 88.24 88.33 88.5 88.62 88.95 89.27 89.38 89.58 89.8 -9999 -9999 -9999 -9999 -9999
-9999 -9999 -9999 -9999 -9999 -9999 -9999 -9999 -9999 -9999 -9999 -9999 -9999 -9999 -9999 -9999 -9999 -9999 -9999 88.9 88.17 87.98 88.07 88.22 87.96 87.78 87.97 88.14 88.19 88.25 88.41 88.59 88.77 88.98 89.16 89.19 89.24 89.3 89.49 -9999 -9999 -9999 -9999 -9999
-9999 -9999 -9999 -9999 -9999 -9999 -9999 -9999 -9999 -9999 -9999 -9999 -9999 -9999 -9999 -9999 -9999 -9999 -9999 88.82 88.38 88.11 88.18 88.24 87.17 88 87.93 88.24 88.25 88.43 88.56 88.59 88.76 88.97 89.03 89.07 89.15 88.97 89.56 -9999 -9999 -9999 -9999 -9999
-9999 -9999 -9999 -9999 -9999 -9999 -9999 -9999 -9999 -9999 -9999 -9999 -9999 -9999 -9999 -9999 -9999 -9999 -9999 88.78 88.44 88.24 88.29 88.26 86.88 88.16 88.02 88.02 88.31 88.33 88.38 88.57 88.68 88.9 88.97 88.97 88.88 89.14 89.23 -9999 -9999 -9999 -9999 -9999
-9999 -9999 -9999 -9999 -9999 -9999 -9999 -9999 -9999 -9999 -9999 -9999 -9999 -9999 -9999 -9999 -9999 -9999 -9999 -9999 88.46 88.34 88.28 88.27 88.315 88.18 88.07 88.27 88.28 88.41 88.54 88.41 88.71 88.89 88.69 88.7 89.25 89.08 89.17 -9999 -9999 -9999 -9999 -9999
-9999 -9999 -9999 -9999 -9999 -9999 -9999 -9999 -9999 -9999 -9999 -9999 -9999 -9999 -9999 -9999 -9999 -9999 -9999 -9999 88.39 88.27 88.22 88.27 88.37 88.22 88.14 88.36 88.47 88.34 88.43 88.67 88.54 88.79 88.78 88.94 89.15 89.12 89.13 -9999 -9999 -9999 -9999 -9999
-9999 -9999 -9999 -9999 -9999 -9999 -9999 -9999 -9999 -9999 -9999 -9999 -9999 -9999 -9999 -9999 -9999 -9999 -9999 -9999 -9999 88.2 88.22 88.34 88.52499 88.29 88.34 88.3 88.48 88.48 88.37 88.71 88.82 88.83 88.77 88.86 89.12 89.16 89.12 -9999 -9999 -9999 -9999 -9999
-9999 -9999 -9999 -9999 -9999 -9999 -9999 -9999 -9999 -9999 -9999 -9999 -9999 -9999 -9999 -9999 -9999 -9999 -9999 -9999 -9999 88.29 88.17 88.28 88.42 88.52 88 88.5 88.41 88.5 88.71 88.87 88.94 88.9 88.95 88.93 88.97 89.16 89.17 -9999 -9999 -9999 -9999 -9999
-9999 -9999 -9999 -9999 -9999 -9999 -9999 -9999 -9999 -9999 -9999 -9999 -9999 -9999 -9999 -9999 -9999 -9999 -9999 -9999 -9999 -9999 88.29 88.3 88.35 88.47 88.63 87.94 88.66 88.73 88.81 87.48 88.59 88.255 88.79 88.72 88.86 88.82 88.74 -9999 -9999 -9999 -9999 -9999
-9999 -9999 -9999 -9999 -9999 -9999 -9999 -9999 -9999 -9999 -9999 -9999 -9999 -9999 -9999 -9999 -9999 -9999 -9999 -9999 -9999 -9999 -9999 88.33 88.38 88.51 88.68 88.47 87.81 88.27 87.86 88.8 88.93 88.25 89.08 88.97 89 89 89.15 88.9 -9999 -9999 -9999 -9999
-9999 -9999 -9999 -9999 -9999 -9999 -9999 -9999 -9999 -9999 -9999 -9999 -9999 -9999 -9999 -9999 -9999 -9999 -9999 -9999 -9999 -9999 -9999 88.33 88.48 88.59 88.67 88.69 88.64 88.71 88.78 88.95 89.11 87.99 89.04 89.22 89.26 89.13 89.32 89.43 89.39 -9999 -9999 -9999
-9999 -9999 -9999 -9999 -9999 -9999 -9999 -9999 -9999 -9999 -9999 -9999 -9999 -9999 -9999 -9999 -9999 -9999 -9999 -9999 -9999 -9999 -9999 -9999 -9999 88.66 88.625 88.69 88.68 88.67 88.83 88.98 88.38 87.985 89.29 88.285 88.89 89.45 89.62 89.83 89.59 89.93 89.72 -9999
-9999 -9999 -9999 -9999 -9999 -9999 -9999 -9999 -9999 -9999 -9999 -9999 -9999 -9999 -9999 -9999 -9999 -9999 -9999 -9999 -9999 -9999 -9999 -9999 -9999 88.73 88.9 88.6 88.55 88.69 88.87 89.04 88.43 88.56 89.3 88.7 89.54 89.61 89.7 89.97 90.26 90.3 89.46 89.85
-9999 -9999 -9999 -9999 -9999 -9999 -9999 -9999 -9999 -9999 -9999 -9999 -9999 -9999 -9999 -9999 -9999 -9999 -9999 -9999 -9999 -9999 -9999 -9999 -9999 88.85 88.69 88.53 88.57 88.78 88.9 89.08 89.13 89.12 89.31 89.32 89.52 89.65 89.64 90.21001 90.445 90.28 90.24 89.09
-9999 -9999 -9999 -9999 -9999 -9999 -9999 -9999 -9999 -9999 -9999 -9999 -9999 -9999 -9999 -9999 -9999 -9999 -9999 -9999 -9999 -9999 -9999 -9999 88.82 88.86 88.58 88.48 88.55 88.75 88.86 89.02 89.13 89.29 88.56 89.42 89.5 89.64 89.485 90.28 90.18 90.09 90.18 90.24
-9999 -9999 -9999 -9999 -9999 -9999 -9999 -9999 -9999 -9999 -9999 -9999 -9999 -9999 -9999 -9999 -9999 -9999 -9999 -9999 -9999 -9999 -9999 89.15 89 88.82 88.53 88.46 88.57 88.91 88.98 89.11 89.19 89.48 88.99 89.53 89.35 89.38 90.09 90.35 90.34 90.32 90.38 90.46
-9999 -9999 -9999 -9999 -9999 -9999 -9999 -9999 -9999 -9999 -9999 -9999 -9999 -9999 -9999 -9999 -9999 -9999 -9999 -9999 -9999 -9999 -9999 -9999 89.89 89.63 88.67 88.64 88.66 89.1 89.23 89.29 89.47 89.92 89.94 -9999 -9999 90.27 90.65 90.44 90.46 90.49 90.64 90.68
-9999 -9999 -9999 -9999 -9999 -9999 -9999 -9999 -9999 -9999 -9999 -9999 -9999 -9999 -9999 -9999 -9999 -9999 -9999 -9999 -9999 -9999 -9999 -9999 -9999 89.87 89.83 89.29 88.81 89.16 89.84 89.8 89.94 90.23 -9999 -9999 -9999 -9999 90.64 90.8 91.36 90.89 90.65 90.84
-9999 -9999 -9999 -9999 -9999 -9999 -9999 -9999 -9999 -9999 -9999 -9999 -9999 -9999 -9999 -9999 -9999 -9999 -9999 -9999 -9999 -9999 -9999 -9999 -9999 -9999 -9999 89.93 89.91 90.01 90.09 89.95 90.07 -9999 -9999 -9999 -9999 -9999 91.285 91.93 91.4 91.55 90.72 90.88
-9999 -9999 -9999 -9999 -9999 -9999 -9999 -9999 -9999 -9999 -9999 -9999 -9999 -9999 -9999 -9999 -9999 -9999 -9999 -9999 -9999 -9999 -9999 -9999 -9999 -9999 -9999 -9999 -9999 -9999 -9999 90.245 -9999 -9999 -9999 -9999 -9999 -9999 -9999 -9999 -9999 92.4 92.4 90.89
-9999 -9999 -9999 -9999 -9999 -9999 -9999 -9999 -9999 -9999 -9999 -9999 -9999 -9999 -9999 -9999 -9999 -9999 -9999 -9999 -9999 -9999 -9999 -9999 -9999 -9999 -9999 -9999 -9999 -9999 -9999 -9999 -9999 -9999 -9999 -9999 -9999 -9999 -9999 -9999 -9999 -9999 92.64 91.84
