ncols         44
nrows         52
xllcorner     190200
yllcorner     314300
cellsize      25
NODATA_value  -9999
-9999 -9999 325.9601 301.0399 276.134 251.2469 226.3846 201.5564 176.7767 152.0691 127.4755 103.0776 79.05694 55.9017 35.35534 25 35.35534 55.9017 79.05694 90.13878 106.066 125 141.4214 158.1139 -9999 -9999 -9999 -9999 -9999 -9999 -9999 -9999 -9999 -9999 -9999 -9999 -9999 -9999 -9999 -9999 -9999 -9999 -9999 -9999
-9999 -9999 -9999 300 275 250 225 200 175 150 125 100 75 50 25 0 25 50 55.9017 70.71068 90.13878 106.066 125 134.6291 -9999 -9999 -9999 -9999 -9999 -9999 -9999 -9999 -9999 -9999 -9999 -9999 -9999 -9999 -9999 -9999 -9999 -9999 -9999 -9999
-9999 -9999 -9999 300 275 250 225 200 175 150 125 100 75 50 25 0 25 25 35.35534 55.9017 70.71068 90.13878 103.0776 111.8034 -9999 -9999 -9999 -9999 -9999 -9999 -9999 -9999 -9999 -9999 -9999 -9999 -9999 -9999 -9999 -9999 -9999 -9999 -9999 -9999
-9999 -9999 325.9601 301.0399 276.134 251.2469 226.3846 201.5564 176.7767 152.0691 127.4755 103.0776 79.05694 55.9017 35.35534 25 0 0 25 35.35534 55.9017 70.71068 79.05694 90.13878 106.066 -9999 -9999 -9999 -9999 -9999 -9999 -9999 -9999 -9999 -9999 -9999 -9999 -9999 -9999 -9999 -9999 -9999 -9999 -9999
-9999 -9999 325 300 275 250 225 200 175 150 125 100 75 50 25 0 25 25 0 25 35.35534 50 55.9017 70.71068 90.13878 111.8034 -9999 -9999 -9999 -9999 -9999 -9999 -9999 -9999 -9999 -9999 -9999 -9999 -9999 -9999 -9999 -9999 -9999 -9999
-9999 -9999 -9999 301.0399 276.134 251.2469 226.3846 201.5564 176.7767 152.0691 127.4755 103.0776 79.05694 55.9017 35.35534 25 35.35534 35.35534 25 0 25 25 35.35534 55.9017 79.05694 103.0776 127.4755 152.0691 -9999 -9999 -9999 -9999 -9999 -9999 -9999 -9999 -9999 -9999 -9999 -9999 -9999 -9999 -9999 -9999
-9999 -9999 -9999 -9999 -9999 254.951 230.4886 206.1553 182.0027 158.1139 134.6291 111.8034 90.13878 70.71068 55.9017 50 55.9017 50 35.35534 25 0 0 25 50 75 100 125 150 175 200 -9999 -9999 -9999 -9999 -9999 -9999 -9999 -9999 -9999 -9999 -9999 -9999 -9999 -9999
-9999 -9999 -9999 -9999 -9999 261.0077 237.1708 213.6001 190.3943 167.7051 145.7738 125 106.066 90.13878 79.05694 55.9017 35.35534 25 25 25 25 0 25 50 75 100 125 150 175 200 -9999 -9999 -9999 -9999 -9999 -9999 -9999 -9999 -9999 -9999 -9999 -9999 -9999 -9999
-9999 -9999 -9999 -9999 -9999 -9999 230.4886 206.1553 182.0027 158.1139 134.6291 111.8034 90.13878 70.71068 55.9017 50 25 0 0 0 25 0 25 50 75 100 125 150 175 200 -9999 -9999 -9999 -9999 -9999 -9999 -9999 -9999 -9999 -9999 -9999 -9999 -9999 -9999
-9999 -9999 -9999 -9999 -9999 -9999 226.3846 201.5564 176.7767 152.0691 127.4755 103.0776 79.05694 55.9017 35.35534 25 25 25 25 25 35.35534 25 35.35534 55.9017 79.05694 103.0776 127.4755 152.0691 176.7767 201.5564 -9999 -9999 -9999 -9999 -9999 -9999 -9999 -9999 -9999 -9999 -9999 -9999 -9999 -9999
-9999 -9999 -9999 -9999 -9999 -9999 225 200 175 150 125 100 75 50 25 0 0 25 50 50 55.9017 50 55.9017 70.71068 90.13878 111.8034 134.6291 158.1139 182.0027 206.1553 -9999 -9999 -9999 -9999 -9999 -9999 -9999 -9999 -9999 -9999 -9999 -9999 -9999 -9999
-9999 -9999 -9999 -9999 -9999 -9999 226.3846 201.5564 176.7767 152.0691 127.4755 103.0776 79.05694 55.9017 35.35534 25 25 35.35534 55.9017 75 79.05694 75 79.05694 90.13878 106.066 125 145.7738 167.7051 190.3943 -9999 -9999 -9999 -9999 -9999 -9999 -9999 -9999 -9999 -9999 -9999 -9999 -9999 -9999 -9999
-9999 -9999 -9999 -9999 -9999 -9999 230.4886 206.1553 182.0027 158.1139 134.6291 111.8034 90.13878 70.71068 55.9017 50 50 55.9017 70.71068 90.13878 103.0776 100 103.0776 111.8034 125 141.4214 160.0781 180.2776 201.5564 -9999 -9999 -9999 -9999 -9999 -9999 -9999 -9999 -9999 -9999 -9999 -9999 -9999 -9999 -9999
-9999 -9999 -9999 -9999 -9999 261.0077 237.1708 213.6001 190.3943 167.7051 145.7738 125 103.0776 79.05694 55.9017 35.35534 25 35.35534 55.9017 79.05694 103.0776 125 127.4755 134.6291 145.7738 160.0781 176.7767 195.2562 215.0581 -9999 -9999 -9999 -9999 -9999 -9999 -9999 -9999 -9999 -9999 -9999 -9999 -9999 -9999 -9999
-9999 -9999 -9999 -9999 -9999 269.2582 246.2215 223.6068 200 175 150 125 100 75 50 25 0 25 50 75 100 111.8034 125 141.4214 160.0781 180.2776 195.2562 212.132 230.4886 250 -9999 -9999 -9999 -9999 -9999 -9999 -9999 -9999 -9999 -9999 -9999 -9999 -9999 -9999
-9999 -9999 -9999 -9999 -9999 -9999 -9999 226.3846 201.5564 176.7767 152.0691 127.4755 103.0776 79.05694 55.9017 35.35534 25 35.35534 55.9017 75 79.05694 90.13878 106.066 125 145.7738 167.7051 190.3943 213.6001 237.1708 261.0077 -9999 -9999 -9999 -9999 -9999 -9999 -9999 -9999 -9999 -9999 -9999 -9999 -9999 -9999
-9999 -9999 -9999 -9999 -9999 -9999 -9999 -9999 -9999 175 150 125 100 75 50 25 0 25 50 50 55.9017 70.71068 90.13878 111.8034 134.6291 158.1139 182.0027 206.1553 230.4886 254.951 279.5085 301.0399 320.1562 -9999 -9999 -9999 -9999 -9999 -9999 -9999 -9999 -9999 -9999 -9999
-9999 -9999 -9999 -9999 -9999 -9999 -9999 -9999 -9999 -9999 150 125 100 75 50 25 0 25 25 25 35.35534 55.9017 79.05694 103.0776 127.4755 152.0691 176.7767 201.5564 226.3846 247.4874 265.7536 285.0439 305.1639 -9999 -9999 -9999 -9999 -9999 -9999 -9999 -9999 -9999 -9999 -9999
-9999 -9999 -9999 -9999 -9999 -9999 -9999 -9999 -9999 -9999 152.0691 127.4755 103.0776 79.05694 55.9017 35.35534 25 0 0 0 25 50 75 100 125 150 175 195.2562 212.132 230.4886 250 270.4164 291.5476 -9999 -9999 -9999 -9999 -9999 -9999 -9999 -9999 -9999 -9999 -9999
-9999 -9999 -9999 -9999 -9999 -9999 -9999 -9999 -9999 -9999 150 125 100 75 50 25 0 0 25 0 25 50 75 100 125 141.4214 160.0781 176.7767 195.2562 215.0581 235.8495 257.3907 -9999 -9999 -9999 -9999 -9999 -9999 -9999 -9999 -9999 -9999 -9999 -9999
-9999 -9999 -9999 -9999 -9999 -9999 -9999 -9999 -9999 -9999 -9999 127.4755 103.0776 79.05694 55.9017 35.35534 25 25 25 0 25 50 75 90.13878 106.066 125 141.4214 160.0781 180.2776 201.5564 223.6068 246.2215 -9999 -9999 -9999 -9999 -9999 -9999 -9999 -9999 -9999 -9999 -9999 -9999
-9999 -9999 -9999 -9999 -9999 -9999 -9999 -9999 -9999 -9999 -9999 125 100 75 50 25 0 25 25 25 35.35534 50 55.9017 70.71068 90.13878 106.066 125 145.7738 167.7051 190.3943 213.6001 235.8495 -9999 -9999 -9999 -9999 -9999 371.6517 -9999 -9999 -9999 -9999 -9999 -9999
-9999 -9999 -9999 -9999 -9999 -9999 -9999 -9999 -9999 -9999 -9999 -9999 100 75 50 25 0 25 0 25 35.35534 25 35.35534 55.9017 70.71068 90.13878 111.8034 134.6291 158.1139 180.2776 201.5564 223.6068 246.2215 269.2582 292.6175 316.2278 340.0368 364.0055 388.1044 -9999 -9999 -9999 -9999 -9999
-9999 -9999 -9999 -9999 -9999 -9999 -9999 -9999 -9999 -9999 -9999 -9999 103.0776 79.05694 55.9017 35.35534 25 0 25 35.35534 25 0 25 35.35534 55.9017 79.05694 103.0776 125 145.7738 167.7051 190.3943 213.6001 237.1708 261.0077 285.0439 309.2329 333.5416 357.9455 382.4265 406.9705 -9999 -9999 -9999 -9999
-9999 -9999 -9999 -9999 -9999 -9999 -9999 -9999 -9999 -9999 -9999 -9999 111.8034 90.13878 70.71068 55.9017 35.35534 25 35.35534 55.9017 35.35534 25 0 25 50 70.71068 90.13878 111.8034 134.6291 158.1139 182.0027 206.1553 230.4886 254.951 279.5085 304.1381 328.8237 353.5534 378.3186 403.1129 -9999 -9999 -9999 -9999
-9999 -9999 -9999 -9999 -9999 -9999 -9999 -9999 -9999 -9999 -9999 -9999 125 106.066 90.13878 70.71068 55.9017 50 55.9017 70.71068 55.9017 35.35534 25 25 35.35534 55.9017 79.05694 103.0776 127.4755 152.0691 176.7767 201.5564 226.3846 251.2469 276.134 301.0399 325.9601 350.8917 375.8324 400.7805 -9999 -9999 -9999 -9999
-9999 -9999 -9999 -9999 -9999 -9999 -9999 -9999 -9999 -9999 -9999 -9999 141.4214 125 106.066 90.13878 79.05694 75 79.05694 90.13878 70.71068 50 25 0 25 50 75 100 125 150 175 200 225 250 275 300 325 350 369.1206 381.6084 -9999 -9999 -9999 -9999
-9999 -9999 -9999 -9999 -9999 -9999 -9999 -9999 -9999 -9999 -9999 -9999 160.0781 141.4214 125 111.8034 103.0776 100 103.0776 79.05694 55.9017 35.35534 25 25 35.35534 55.9017 79.05694 103.0776 127.4755 152.0691 176.7767 201.5564 226.3846 251.2469 276.134 301.0399 325 335.4102 347.3111 -9999 -9999 -9999 -9999 -9999
-9999 -9999 -9999 -9999 -9999 -9999 -9999 -9999 -9999 -9999 -9999 -9999 -9999 -9999 145.7738 134.6291 127.4755 125 100 75 50 25 0 25 50 70.71068 90.13878 111.8034 134.6291 158.1139 182.0027 206.1553 230.4886 254.951 279.5085 292.6175 302.0761 313.2491 325.9601 -9999 -9999 -9999 -9999 -9999
-9999 -9999 -9999 -9999 -9999 -9999 -9999 -9999 -9999 -9999 -9999 -9999 -9999 -9999 -9999 -9999 -9999 -9999 -9999 75 50 25 0 25 35.35534 55.9017 79.05694 103.0776 127.4755 152.0691 176.7767 201.5564 223.6068 246.2215 261.0077 269.2582 279.5085 291.5476 305.1639 -9999 -9999 -9999 -9999 -9999
-9999 -9999 -9999 -9999 -9999 -9999 -9999 -9999 -9999 -9999 -9999 -9999 -9999 -9999 -9999 -9999 -9999 -9999 -9999 79.05694 55.9017 35.35534 25 0 25 50 75 100 125 145.7738 167.7051 190.3943 213.6001 230.4886 237.1708 246.2215 257.3907 270.4164 285.0439 -9999 -9999 -9999 -9999 -9999
-9999 -9999 -9999 -9999 -9999 -9999 -9999 -9999 -9999 -9999 -9999 -9999 -9999 -9999 -9999 -9999 -9999 -9999 -9999 90.13878 70.71068 55.9017 35.35534 25 35.35534 55.9017 70.71068 90.13878 111.8034 134.6291 158.1139 182.0027 201.5564 206.1553 213.6001 223.6068 235.8495 250 265.7536 -9999 -9999 -9999 -9999 -9999
-9999 -9999 -9999 -9999 -9999 -9999 -9999 -9999 -9999 -9999 -9999 -9999 -9999 -9999 -9999 -9999 -9999 -9999 -9999 106.066 90.13878 70.71068 55.9017 35.35534 25 35.35534 55.9017 79.05694 103.0776 127.4755 152.0691 175 176.7767 182.0027 190.3943 201.5564 215.0581 230.4886 246.2215 -9999 -9999 -9999 -9999 -9999
-9999 -9999 -9999 -9999 -9999 -9999 -9999 -9999 -9999 -9999 -9999 -9999 -9999 -9999 -9999 -9999 -9999 -9999 -9999 125 100 75 50 25 0 25 50 75 100 125 150 150 152.0691 158.1139 167.7051 180.2776 195.2562 212.132 223.6068 -9999 -9999 -9999 -9999 -9999
-9999 -9999 -9999 -9999 -9999 -9999 -9999 -9999 -9999 -9999 -9999 -9999 -9999 -9999 -9999 -9999 -9999 -9999 -9999 127.4755 103.0776 79.05694 55.9017 35.35534 25 35.35534 55.9017 79.05694 103.0776 125 127.4755 125 127.4755 134.6291 145.7738 160.0781 176.7767 190.3943 201.5564 -9999 -9999 -9999 -9999 -9999
-9999 -9999 -9999 -9999 -9999 -9999 -9999 -9999 -9999 -9999 -9999 -9999 -9999 -9999 -9999 -9999 -9999 -9999 -9999 -9999 111.8034 90.13878 70.71068 55.9017 50 50 55.9017 70.71068 90.13878 106.066 103.0776 100 103.0776 111.8034 125 141.4214 158.1139 167.7051 180.2776 -9999 -9999 -9999 -9999 -9999
-9999 -9999 -9999 -9999 -9999 -9999 -9999 -9999 -9999 -9999 -9999 -9999 -9999 -9999 -9999 -9999 -9999 -9999 -9999 -9999 125 103.0776 79.05694 55.9017 35.35534 25 35.35534 55.9017 70.71068 90.13878 79.05694 75 79.05694 90.13878 106.066 125 134.6291 145.7738 160.0781 -9999 -9999 -9999 -9999 -9999
-9999 -9999 -9999 -9999 -9999 -9999 -9999 -9999 -9999 -9999 -9999 -9999 -9999 -9999 -9999 -9999 -9999 -9999 -9999 -9999 -9999 100 75 50 25 0 25 35.35534 55.9017 70.71068 55.9017 50 55.9017 70.71068 90.13878 103.0776 111.8034 125 141.4214 -9999 -9999 -9999 -9999 -9999
-9999 -9999 -9999 -9999 -9999 -9999 -9999 -9999 -9999 -9999 -9999 -9999 -9999 -9999 -9999 -9999 -9999 -9999 -9999 -9999 -9999 103.0776 79.05694 55.9017 35.35534 25 0 25 35.35534 50 35.35534 25 35.35534 55.9017 75 79.05694 90.13878 106.066 125 -9999 -9999 -9999 -9999 -9999
-9999 -9999 -9999 -9999 -9999 -9999 -9999 -9999 -9999 -9999 -9999 -9999 -9999 -9999 -9999 -9999 -9999 -9999 -9999 -9999 -9999 -9999 90.13878 70.71068 55.9017 35.35534 25 0 25 25 25 0 25 50 50 55.9017 70.71068 90.13878 106.066 -9999 -9999 -9999 -9999 -9999
-9999 -9999 -9999 -9999 -9999 -9999 -9999 -9999 -9999 -9999 -9999 -9999 -9999 -9999 -9999 -9999 -9999 -9999 -9999 -9999 -9999 -9999 -9999 90.13878 70.71068 55.9017 35.35534 25 25 0 25 25 35.35534 35.35534 25 35.35534 55.9017 70.71068 90.13878 106.066 -9999 -9999 -9999 -9999
-9999 -9999 -9999 -9999 -9999 -9999 -9999 -9999 -9999 -9999 -9999 -9999 -9999 -9999 -9999 -9999 -9999 -9999 -9999 -9999 -9999 -9999 -9999 106.066 90.13878 70.71068 55.9017 50 35.35534 25 35.35534 35.35534 25 25 0 25 35.35534 55.9017 79.05694 90.13878 70.71068 -9999 -9999 -9999
-9999 -9999 -9999 -9999 -9999 -9999 -9999 -9999 -9999 -9999 -9999 -9999 -9999 -9999 -9999 -9999 -9999 -9999 -9999 -9999 -9999 -9999 -9999 -9999 -9999 90.13878 79.05694 70.71068 55.9017 50 50 25 0 25 25 0 25 50 75 79.05694 55.9017 35.35534 25 -9999
-9999 -9999 -9999 -9999 -9999 -9999 -9999 -9999 -9999 -9999 -9999 -9999 -9999 -9999 -9999 -9999 -9999 -9999 -9999 -9999 -9999 -9999 -9999 -9999 -9999 111.8034 103.0776 90.13878 79.05694 75 55.9017 35.35534 25 0 25 25 35.35534 55.9017 79.05694 75 50 25 0 25
-9999 -9999 -9999 -9999 -9999 -9999 -9999 -9999 -9999 -9999 -9999 -9999 -9999 -9999 -9999 -9999 -9999 -9999 -9999 -9999 -9999 -9999 -9999 -9999 -9999 134.6291 125 111.8034 103.0776 90.13878 70.71068 55.9017 35.35534 25 25 35.35534 55.9017 50 55.9017 70.71068 55.9017 35.35534 25 0
-9999 -9999 -9999 -9999 -9999 -9999 -9999 -9999 -9999 -9999 -9999 -9999 -9999 -9999 -9999 -9999 -9999 -9999 -9999 -9999 -9999 -9999 -9999 -9999 167.7051 158.1139 145.7738 134.6291 125 106.066 90.13878 70.71068 50 25 0 25 35.35534 25 35.35534 55.9017 70.71068 55.9017 35.35534 25
-9999 -9999 -9999 -9999 -9999 -9999 -9999 -9999 -9999 -9999 -9999 -9999 -9999 -9999 -9999 -9999 -9999 -9999 -9999 -9999 -9999 -9999 -9999 201.5564 190.3943 180.2776 167.7051 158.1139 141.4214 125 100 75 50 25 0 25 25 0 25 50 75 70.71068 55.9017 50
-9999 -9999 -9999 -9999 -9999 -9999 -9999 -9999 -9999 -9999 -9999 -9999 -9999 -9999 -9999 -9999 -9999 -9999 -9999 -9999 -9999 -9999 -9999 -9999 213.6001 201.5564 190.3943 176.7767 152.0691 127.4755 103.0776 79.05694 55.9017 35.35534 25 -9999 -9999 25 35.35534 55.9017 79.05694 90.13878 79.05694 75
-9999 -9999 -9999 -9999 -9999 -9999 -9999 -9999 -9999 -9999 -9999 -9999 -9999 -9999 -9999 -9999 -9999 -9999 -9999 -9999 -9999 -9999 -9999 -9999 -9999 223.6068 206.1553 182.0027 158.1139 134.6291 111.8034 90.13878 70.71068 55.9017 -9999 -9999 -9999 -9999 55.9017 70.71068 90.13878 111.8034 103.0776 100
-9999 -9999 -9999 -9999 -9999 -9999 -9999 -9999 -9999 -9999 -9999 -9999 -9999 -9999 -9999 -9999 -9999 -9999 -9999 -9999 -9999 -9999 -9999 -9999 -9999 -9999 -9999 190.3943 167.7051 145.7738 125 106.066 90.13878 -9999 -9999 -9999 -9999 -9999 79.05694 90.13878 106.066 125 127.4755 125
-9999 -9999 -9999 -9999 -9999 -9999 -9999 -9999 -9999 -9999 -9999 -9999 -9999 -9999 -9999 -9999 -9999 -9999 -9999 -9999 -9999 -9999 -9999 -9999 -9999 -9999 -9999 -9999 -9999 -9999 -9999 125 -9999 -9999 -9999 -9999 -9999 -9999 -9999 -9999 -9999 141.4214 152.0691 150
-9999 -9999 -9999 -9999 -9999 -9999 -9999 -9999 -9999 -9999 -9999 -9999 -9999 -9999 -9999 -9999 -9999 -9999 -9999 -9999 -9999 -9999 -9999 -9999 -9999 -9999 -9999 -9999 -9999 -9999 -9999 -9999 -9999 -9999 -9999 -9999 -9999 -9999 -9999 -9999 -9999 -9999 176.7767 175
